4 0.17578125 0.30859375 0.083984375 0.19140625
4 0.291015625 0.2861328125 0.1240234375 0.09375
4 0.2958984375 0.3681640625 0.119140625 0.1181640625
4 0.3994140625 0.1337890625 0.10546875 0.181640625
4 0.2978515625 0.134765625 0.0888671875 0.138671875
4 0.6201171875 0.0615234375 0.119140625 0.1103515625
4 0.5625 0.236328125 0.103515625 0.138671875
4 0.74609375 0.248046875 0.1357421875 0.130859375
4 0.8486328125 0.34375 0.13671875 0.111328125
4 0.7802734375 0.4482421875 0.1337890625 0.1005859375
4 0.677734375 0.3671875 0.103515625 0.1259765625
4 0.302734375 0.5400390625 0.126953125 0.1337890625
4 0.447265625 0.6142578125 0.0986328125 0.1865234375
4 0.837890625 0.6396484375 0.126953125 0.1640625
4 0.8583984375 0.7802734375 0.1591796875 0.1181640625
4 0.92578125 0.9267578125 0.1484375 0.146484375
4 0.6337890625 0.8740234375 0.1181640625 0.20703125
4 0.59765625 0.8505859375 0.1005859375 0.1396484375
4 0.3037109375 0.8271484375 0.12109375 0.1796875
4 0.150390625 0.890625 0.0712890625 0.1591796875
4 0.0654296875 0.8447265625 0.130859375 0.1103515625
4 0.525390625 0.9560546875 0.0927734375 0.087890625