4 0.3984375 0.220703125 0.029296875 0.029296875
4 0.513671875 0.205078125 0.029296875 0.025390625
4 0.5322265625 0.2705078125 0.0244140625 0.041015625
4 0.6025390625 0.4609375 0.0244140625 0.0400390625
4 0.60546875 0.4111328125 0.025390625 0.0302734375
4 0.681640625 0.57421875 0.017578125 0.0322265625
4 0.6298828125 0.7890625 0.01953125 0.0283203125
4 0.6376953125 0.8173828125 0.025390625 0.017578125
4 0.6259765625 0.8349609375 0.033203125 0.0224609375
4 0.4267578125 0.7177734375 0.0205078125 0.033203125
4 0.4931640625 0.65234375 0.029296875 0.021484375
4 0.5009765625 0.587890625 0.0224609375 0.0361328125
4 0.3310546875 0.6181640625 0.01953125 0.041015625
4 0.3203125 0.6865234375 0.0224609375 0.0400390625
4 0.3291015625 0.4931640625 0.0205078125 0.0390625
4 0.3447265625 0.4970703125 0.0244140625 0.0439453125
4 0.3291015625 0.4375 0.0283203125 0.0263671875
4 0.888671875 0.5556640625 0.0205078125 0.0263671875
4 0.5107421875 0.9091796875 0.01953125 0.0380859375
4 0.4482421875 0.9267578125 0.03125 0.025390625
4 0.390625 0.9658203125 0.02734375 0.03125