4 0.150390625 0.3525390625 0.0400390625 0.02734375
4 0.2109375 0.142578125 0.0224609375 0.0302734375
4 0.09765625 0.134765625 0.0263671875 0.015625
4 0.078125 0.173828125 0.0322265625 0.0234375
4 0.0595703125 0.2294921875 0.0234375 0.0263671875
4 0.0810546875 0.2314453125 0.021484375 0.01953125
4 0.1240234375 0.5791015625 0.0244140625 0.0185546875
4 0.130859375 0.5615234375 0.0263671875 0.0185546875
4 0.154296875 0.5537109375 0.017578125 0.029296875
4 0.236328125 0.478515625 0.025390625 0.015625
4 0.23046875 0.5244140625 0.0205078125 0.0205078125
4 0.248046875 0.494140625 0.03125 0.0166015625
4 0.197265625 0.5576171875 0.02734375 0.015625
4 0.251953125 0.6572265625 0.0234375 0.017578125
4 0.2705078125 0.650390625 0.0185546875 0.0185546875
4 0.2880859375 0.658203125 0.0283203125 0.0166015625
4 0.3232421875 0.65234375 0.0322265625 0.01953125
4 0.33203125 0.6337890625 0.025390625 0.017578125
4 0.3564453125 0.6181640625 0.0361328125 0.01171875
4 0.38671875 0.607421875 0.0224609375 0.0244140625
4 0.3154296875 0.5908203125 0.0244140625 0.0244140625
4 0.30078125 0.578125 0.025390625 0.017578125
4 0.330078125 0.5556640625 0.021484375 0.017578125
4 0.3525390625 0.560546875 0.0205078125 0.0263671875
4 0.3349609375 0.5888671875 0.0205078125 0.0205078125
4 0.3662109375 0.607421875 0.0283203125 0.0146484375
4 0.3642578125 0.576171875 0.021484375 0.0185546875
4 0.373046875 0.7001953125 0.0205078125 0.021484375
4 0.34375 0.662109375 0.0224609375 0.0224609375
4 0.3583984375 0.6513671875 0.013671875 0.0302734375
4 0.369140625 0.65234375 0.015625 0.0244140625
4 0.388671875 0.654296875 0.0224609375 0.01953125
4 0.408203125 0.6728515625 0.03515625 0.0224609375
4 0.4130859375 0.6630859375 0.0302734375 0.025390625
4 0.4267578125 0.7607421875 0.0205078125 0.0283203125
4 0.4130859375 0.798828125 0.0322265625 0.025390625
4 0.470703125 0.767578125 0.0244140625 0.0263671875
4 0.462890625 0.734375 0.0263671875 0.0205078125
4 0.453125 0.7041015625 0.0234375 0.01953125
4 0.4716796875 0.71484375 0.0224609375 0.0283203125
4 0.5 0.7236328125 0.01953125 0.0224609375
4 0.4921875 0.751953125 0.025390625 0.029296875
4 0.5048828125 0.76171875 0.015625 0.0244140625
4 0.4990234375 0.7919921875 0.025390625 0.017578125
4 0.4775390625 0.8193359375 0.0322265625 0.0283203125
4 0.509765625 0.822265625 0.0361328125 0.0205078125
4 0.5322265625 0.8359375 0.029296875 0.01953125
4 0.3974609375 0.5546875 0.0322265625 0.013671875
4 0.41015625 0.5263671875 0.0185546875 0.0166015625
4 0.3916015625 0.54296875 0.025390625 0.015625
4 0.412109375 0.5634765625 0.021484375 0.0205078125
4 0.427734375 0.6044921875 0.0283203125 0.0234375
4 0.4375 0.591796875 0.03125 0.021484375
4 0.455078125 0.5595703125 0.021484375 0.0283203125
4 0.4658203125 0.5498046875 0.0283203125 0.029296875
4 0.48046875 0.6083984375 0.0322265625 0.025390625
4 0.4755859375 0.5859375 0.0224609375 0.0166015625
4 0.4990234375 0.58984375 0.0224609375 0.0166015625
4 0.4541015625 0.642578125 0.0205078125 0.017578125
4 0.4853515625 0.6318359375 0.0263671875 0.013671875
4 0.462890625 0.6708984375 0.0146484375 0.0146484375
4 0.501953125 0.642578125 0.03125 0.0146484375
4 0.50390625 0.6513671875 0.0244140625 0.0166015625
4 0.513671875 0.6650390625 0.025390625 0.01953125
4 0.552734375 0.66015625 0.0244140625 0.0205078125
4 0.52734375 0.6162109375 0.025390625 0.01953125
4 0.5166015625 0.609375 0.015625 0.01171875
4 0.525390625 0.59765625 0.0302734375 0.013671875
4 0.51953125 0.5234375 0.0146484375 0.0224609375
4 0.5400390625 0.5234375 0.01953125 0.01171875
4 0.5712890625 0.53515625 0.029296875 0.0126953125
4 0.5751953125 0.55859375 0.0283203125 0.01171875
4 0.599609375 0.5810546875 0.0302734375 0.025390625
4 0.6259765625 0.5732421875 0.025390625 0.0283203125
4 0.6513671875 0.5634765625 0.0400390625 0.0224609375
4 0.61328125 0.619140625 0.0302734375 0.0126953125
4 0.640625 0.634765625 0.0224609375 0.0283203125
4 0.5205078125 0.70703125 0.025390625 0.0341796875
4 0.5458984375 0.7412109375 0.0205078125 0.025390625
4 0.5498046875 0.76953125 0.0234375 0.0283203125
4 0.5673828125 0.7900390625 0.0322265625 0.02734375
4 0.5791015625 0.8310546875 0.03515625 0.0224609375
4 0.5791015625 0.845703125 0.0322265625 0.0166015625
4 0.6435546875 0.7958984375 0.0322265625 0.013671875
4 0.6875 0.8271484375 0.025390625 0.0224609375
4 0.7080078125 0.7919921875 0.0380859375 0.01171875
4 0.7109375 0.7802734375 0.033203125 0.01953125
4 0.7109375 0.75 0.0322265625 0.0166015625
4 0.703125 0.7392578125 0.0361328125 0.0166015625
4 0.6650390625 0.724609375 0.0185546875 0.0224609375
4 0.64453125 0.7255859375 0.03515625 0.01953125
4 0.6064453125 0.7294921875 0.025390625 0.025390625
4 0.6171875 0.7705078125 0.0224609375 0.0234375
4 0.5888671875 0.7685546875 0.025390625 0.0224609375
4 0.6015625 0.7880859375 0.025390625 0.0185546875
4 0.6376953125 0.6943359375 0.0205078125 0.0224609375
4 0.6650390625 0.703125 0.03125 0.015625
4 0.69140625 0.703125 0.021484375 0.0244140625
4 0.587890625 0.693359375 0.025390625 0.0126953125
4 0.6103515625 0.6904296875 0.0205078125 0.0166015625
4 0.56640625 0.6943359375 0.017578125 0.0283203125
4 0.5439453125 0.6943359375 0.013671875 0.025390625
4 0.6064453125 0.6630859375 0.0146484375 0.01953125
4 0.591796875 0.6640625 0.021484375 0.0224609375
4 0.6572265625 0.6123046875 0.025390625 0.0234375
4 0.6904296875 0.6044921875 0.044921875 0.0224609375
4 0.7041015625 0.5869140625 0.0263671875 0.01953125
4 0.7236328125 0.5703125 0.0283203125 0.021484375
4 0.7392578125 0.58984375 0.0244140625 0.0234375
4 0.7265625 0.6396484375 0.0361328125 0.01953125
4 0.689453125 0.6396484375 0.0244140625 0.0302734375
4 0.666015625 0.6533203125 0.03515625 0.0166015625
4 0.69140625 0.65625 0.0263671875 0.029296875
4 0.716796875 0.6572265625 0.0224609375 0.029296875
4 0.712890625 0.6904296875 0.0283203125 0.0185546875
4 0.732421875 0.685546875 0.0341796875 0.0224609375
4 0.734375 0.71875 0.01953125 0.0244140625
4 0.7431640625 0.73046875 0.01953125 0.0283203125
4 0.7666015625 0.7138671875 0.02734375 0.0341796875
4 0.765625 0.7451171875 0.02734375 0.021484375
4 0.7685546875 0.7607421875 0.0283203125 0.015625
4 0.76953125 0.7734375 0.0341796875 0.0205078125
4 0.8251953125 0.763671875 0.0244140625 0.021484375
4 0.802734375 0.732421875 0.0283203125 0.0166015625
4 0.810546875 0.7216796875 0.03515625 0.025390625
4 0.8408203125 0.7275390625 0.0234375 0.021484375
4 0.8662109375 0.7294921875 0.0283203125 0.01953125
4 0.8310546875 0.7060546875 0.01953125 0.025390625
4 0.8447265625 0.7001953125 0.029296875 0.0302734375
4 0.84765625 0.681640625 0.0302734375 0.0185546875
4 0.7802734375 0.6611328125 0.03515625 0.0126953125
4 0.7890625 0.6484375 0.029296875 0.0224609375
4 0.8046875 0.6318359375 0.05078125 0.021484375
4 0.8193359375 0.6455078125 0.025390625 0.013671875
4 0.8271484375 0.6552734375 0.025390625 0.015625
4 0.90625 0.685546875 0.0302734375 0.01171875
4 0.9296875 0.6884765625 0.025390625 0.0263671875
4 0.9287109375 0.671875 0.0302734375 0.0224609375
4 0.9736328125 0.6513671875 0.046875 0.025390625
4 0.9130859375 0.638671875 0.01953125 0.025390625
4 0.896484375 0.6396484375 0.0283203125 0.0185546875
4 0.7587890625 0.583984375 0.029296875 0.0283203125