4 0.1572265625 0.3466796875 0.119140625 0.0966796875
4 0.248046875 0.255859375 0.12890625 0.1103515625
4 0.3837890625 0.0654296875 0.111328125 0.076171875
4 0.4375 0.232421875 0.1064453125 0.12109375
4 0.6064453125 0.1298828125 0.10546875 0.1923828125
4 0.69921875 0.126953125 0.1083984375 0.126953125
4 0.830078125 0.3212890625 0.1064453125 0.1748046875
4 0.7060546875 0.291015625 0.1162109375 0.0927734375
4 0.705078125 0.369140625 0.11328125 0.111328125
4 0.6962890625 0.5390625 0.1083984375 0.1357421875
4 0.5654296875 0.615234375 0.0634765625 0.1845703125
4 0.36328125 0.8779296875 0.080078125 0.146484375
4 0.39453125 0.853515625 0.0830078125 0.1337890625
4 0.154296875 0.64453125 0.080078125 0.1396484375
4 0.1396484375 0.7802734375 0.1103515625 0.0732421875
4 0.0712890625 0.943359375 0.1103515625 0.11328125
4 0.4765625 0.9638671875 0.078125 0.0712890625
4 0.6943359375 0.830078125 0.0986328125 0.1484375
4 0.8515625 0.8974609375 0.0927734375 0.1572265625
4 0.9326171875 0.8388671875 0.1259765625 0.0908203125
4 0.2265625 0.451171875 0.13671875 0.103515625
4 0.3291015625 0.373046875 0.119140625 0.103515625
4 0.9775390625 0.1298828125 0.0380859375 0.0908203125