4 0.328125 0.5634765625 0.0341796875 0.0263671875
4 0.3984375 0.7763671875 0.02734375 0.029296875
4 0.515625 0.798828125 0.0224609375 0.0341796875
4 0.607421875 0.583984375 0.0224609375 0.01953125
4 0.53125 0.7294921875 0.0205078125 0.0283203125
4 0.5419921875 0.744140625 0.015625 0.01953125
4 0.6015625 0.5419921875 0.0224609375 0.0341796875
4 0.6826171875 0.421875 0.01171875 0.0283203125
4 0.8876953125 0.4462890625 0.015625 0.0244140625
4 0.833984375 0.5517578125 0.015625 0.02734375
4 0.5029296875 0.4072265625 0.0244140625 0.037109375
4 0.4921875 0.34375 0.01953125 0.03125
4 0.427734375 0.279296875 0.0234375 0.0283203125
4 0.330078125 0.37890625 0.0185546875 0.0400390625
4 0.3251953125 0.3095703125 0.01953125 0.0302734375
4 0.4560546875 0.07421875 0.0419921875 0.03125
4 0.5126953125 0.0927734375 0.0205078125 0.029296875
4 0.3916015625 0.03515625 0.025390625 0.0322265625
4 0.6298828125 0.1650390625 0.0205078125 0.0166015625
4 0.638671875 0.1806640625 0.0185546875 0.0126953125
4 0.626953125 0.208984375 0.0185546875 0.0302734375