4 0.087890625 0.646484375 0.1748046875 0.111328125
4 0.4306640625 0.599609375 0.11328125 0.169921875
4 0.6025390625 0.6669921875 0.244140625 0.146484375
4 0.5380859375 0.88671875 0.216796875 0.1259765625
4 0.3505859375 0.921875 0.1181640625 0.15625
4 0.6318359375 0.46875 0.2216796875 0.1416015625
4 0.73828125 0.3056640625 0.234375 0.126953125
4 0.7763671875 0.205078125 0.2470703125 0.0859375
4 0.5615234375 0.1201171875 0.1484375 0.1318359375
4 0.609375 0.1611328125 0.1611328125 0.1240234375
4 0.9482421875 0.955078125 0.103515625 0.08984375