4 0.1318359375 0.7529296875 0.037109375 0.0322265625
4 0.125 0.72265625 0.0302734375 0.04296875
4 0.162109375 0.7138671875 0.033203125 0.0478515625
4 0.1796875 0.7548828125 0.0224609375 0.0537109375
4 0.208984375 0.708984375 0.03515625 0.03515625
4 0.2138671875 0.6748046875 0.0400390625 0.04296875
4 0.193359375 0.64453125 0.02734375 0.0283203125
4 0.2314453125 0.6201171875 0.0302734375 0.0400390625
4 0.248046875 0.640625 0.037109375 0.0302734375
4 0.2861328125 0.6318359375 0.04296875 0.0537109375
4 0.29296875 0.66796875 0.0380859375 0.0625
4 0.3232421875 0.6611328125 0.03515625 0.0634765625
4 0.267578125 0.7353515625 0.0478515625 0.0498046875
4 0.3232421875 0.7216796875 0.0380859375 0.0478515625
4 0.359375 0.7197265625 0.0458984375 0.0537109375
4 0.4208984375 0.7177734375 0.044921875 0.05859375
4 0.4072265625 0.66015625 0.05078125 0.0302734375
4 0.353515625 0.662109375 0.0478515625 0.033203125
4 0.3271484375 0.609375 0.0458984375 0.0458984375
4 0.36328125 0.6064453125 0.044921875 0.041015625
4 0.291015625 0.5302734375 0.033203125 0.0478515625
4 0.12109375 0.5439453125 0.0224609375 0.0498046875
4 0.1494140625 0.541015625 0.0283203125 0.0625
4 0.0703125 0.5576171875 0.025390625 0.0537109375
4 0.041015625 0.576171875 0.0400390625 0.0625
4 0.0712890625 0.51171875 0.0302734375 0.052734375
4 0.099609375 0.4853515625 0.033203125 0.0478515625
4 0.123046875 0.470703125 0.0205078125 0.0498046875
4 0.1640625 0.4853515625 0.03515625 0.041015625
4 0.18359375 0.51171875 0.0302734375 0.0537109375
4 0.2060546875 0.51953125 0.0400390625 0.0400390625
4 0.2177734375 0.5361328125 0.0380859375 0.0556640625
4 0.248046875 0.494140625 0.0322265625 0.0478515625
4 0.15234375 0.4423828125 0.0234375 0.052734375
4 0.095703125 0.455078125 0.025390625 0.04296875
4 0.03125 0.4482421875 0.033203125 0.04296875
4 0.1318359375 0.3603515625 0.02734375 0.0458984375
4 0.1611328125 0.400390625 0.0283203125 0.0498046875
4 0.1376953125 0.4072265625 0.02734375 0.0400390625
4 0.18359375 0.3779296875 0.037109375 0.041015625
4 0.2275390625 0.37890625 0.0283203125 0.060546875
4 0.248046875 0.3564453125 0.0380859375 0.0537109375
4 0.291015625 0.4072265625 0.0224609375 0.0751953125
4 0.3115234375 0.3720703125 0.0234375 0.0458984375
4 0.3330078125 0.4033203125 0.0322265625 0.0654296875
4 0.3603515625 0.4033203125 0.0498046875 0.0556640625
4 0.376953125 0.3525390625 0.02734375 0.0498046875
4 0.396484375 0.3017578125 0.0322265625 0.0498046875
4 0.4208984375 0.2998046875 0.0400390625 0.0537109375
4 0.4208984375 0.34765625 0.0322265625 0.0654296875
4 0.44921875 0.341796875 0.0478515625 0.052734375
4 0.451171875 0.2919921875 0.0400390625 0.0654296875
4 0.4814453125 0.310546875 0.03515625 0.05078125
4 0.4892578125 0.330078125 0.0400390625 0.05078125
4 0.2783203125 0.33203125 0.0234375 0.068359375
4 0.3173828125 0.30078125 0.02734375 0.0380859375
4 0.36328125 0.537109375 0.041015625 0.0283203125
4 0.4052734375 0.51953125 0.033203125 0.0654296875
4 0.4140625 0.4658203125 0.044921875 0.052734375
4 0.4384765625 0.54296875 0.0234375 0.0634765625
4 0.5087890625 0.6376953125 0.0400390625 0.0625
4 0.501953125 0.5224609375 0.041015625 0.060546875
4 0.478515625 0.412109375 0.0302734375 0.0810546875
4 0.5 0.462890625 0.03515625 0.0654296875
4 0.53515625 0.4697265625 0.03515625 0.0703125
4 0.5498046875 0.521484375 0.033203125 0.0654296875
4 0.498046875 0.6884765625 0.0283203125 0.0634765625
4 0.6396484375 0.6162109375 0.0234375 0.060546875
4 0.662109375 0.611328125 0.03515625 0.0576171875
4 0.6494140625 0.5625 0.037109375 0.0625
4 0.5888671875 0.5712890625 0.044921875 0.037109375
4 0.5732421875 0.5986328125 0.0537109375 0.0634765625
4 0.58984375 0.6396484375 0.0458984375 0.0556640625
4 0.609375 0.47265625 0.037109375 0.052734375
4 0.619140625 0.4189453125 0.0478515625 0.0478515625
4 0.6708984375 0.4248046875 0.0634765625 0.05078125
4 0.6669921875 0.4619140625 0.052734375 0.0576171875
4 0.568359375 0.2822265625 0.05078125 0.02734375
4 0.5263671875 0.251953125 0.037109375 0.041015625
4 0.46875 0.244140625 0.02734375 0.0498046875
4 0.5 0.23046875 0.0537109375 0.0400390625
4 0.369140625 0.234375 0.0322265625 0.05078125
4 0.4677734375 0.1953125 0.044921875 0.037109375
4 0.5859375 0.349609375 0.0478515625 0.052734375
4 0.7333984375 0.56640625 0.04296875 0.037109375
4 0.65234375 0.701171875 0.052734375 0.04296875
4 0.7314453125 0.6748046875 0.0537109375 0.0458984375
4 0.7431640625 0.6044921875 0.0458984375 0.0498046875
4 0.806640625 0.6669921875 0.02734375 0.0712890625
4 0.78125 0.5068359375 0.04296875 0.05859375
4 0.73828125 0.4375 0.02734375 0.052734375
4 0.6884765625 0.373046875 0.0302734375 0.0498046875
4 0.7138671875 0.23046875 0.044921875 0.03515625
4 0.7587890625 0.265625 0.033203125 0.0478515625
4 0.8515625 0.4501953125 0.041015625 0.05859375
4 0.8564453125 0.5888671875 0.04296875 0.04296875
4 0.8466796875 0.654296875 0.033203125 0.0732421875
4 0.947265625 0.5498046875 0.0283203125 0.06640625
4 0.81640625 0.412109375 0.037109375 0.025390625
4 0.837890625 0.279296875 0.044921875 0.0498046875
4 0.244140625 0.8779296875 0.0458984375 0.0400390625
4 0.345703125 0.8203125 0.041015625 0.03515625
4 0.3994140625 0.8564453125 0.04296875 0.04296875
4 0.51171875 0.814453125 0.0458984375 0.037109375
4 0.55078125 0.7880859375 0.0634765625 0.0322265625
4 0.59375 0.806640625 0.0478515625 0.037109375
4 0.5458984375 0.84375 0.0537109375 0.060546875
4 0.51171875 0.88671875 0.05078125 0.04296875
4 0.259765625 0.9150390625 0.0537109375 0.05859375
4 0.3896484375 0.9091796875 0.02734375 0.060546875
4 0.337890625 0.8955078125 0.05078125 0.0400390625
4 0.4658203125 0.921875 0.0498046875 0.0380859375
4 0.609375 0.880859375 0.04296875 0.05078125
4 0.6494140625 0.880859375 0.0498046875 0.0537109375
4 0.662109375 0.818359375 0.0458984375 0.0478515625
4 0.6865234375 0.814453125 0.0380859375 0.05859375
4 0.6982421875 0.80078125 0.033203125 0.060546875
4 0.7333984375 0.78125 0.0458984375 0.0556640625
4 0.7802734375 0.7958984375 0.0537109375 0.0458984375
4 0.7734375 0.880859375 0.0458984375 0.060546875
4 0.7451171875 0.9404296875 0.041015625 0.0400390625
4 0.80078125 0.9345703125 0.0380859375 0.0380859375
4 0.8466796875 0.9384765625 0.0556640625 0.03515625
4 0.8515625 0.7890625 0.033203125 0.068359375
4 0.8916015625 0.8759765625 0.044921875 0.0380859375
4 0.92578125 0.8427734375 0.04296875 0.05078125
4 0.9375 0.9091796875 0.052734375 0.0478515625
4 0.984375 0.6494140625 0.03125 0.052734375
4 0.9306640625 0.6494140625 0.0458984375 0.0654296875
4 0.9169921875 0.6806640625 0.05078125 0.0556640625