4 0.3994140625 0.4580078125 0.017578125 0.029296875
4 0.392578125 0.412109375 0.0166015625 0.0283203125
4 0.4716796875 0.2705078125 0.015625 0.0302734375
4 0.486328125 0.205078125 0.0234375 0.0322265625
4 0.599609375 0.22265625 0.02734375 0.02734375
4 0.6650390625 0.439453125 0.017578125 0.04296875
4 0.66015625 0.4931640625 0.025390625 0.0361328125
4 0.6728515625 0.6201171875 0.01953125 0.048828125
4 0.6806640625 0.685546875 0.017578125 0.0361328125
4 0.5751953125 0.7177734375 0.021484375 0.0322265625
4 0.55078125 0.927734375 0.02734375 0.0361328125
4 0.6103515625 0.9638671875 0.017578125 0.0341796875
4 0.490234375 0.90625 0.0234375 0.029296875
4 0.37109375 0.8359375 0.0244140625 0.0185546875
4 0.36328125 0.8203125 0.0224609375 0.015625
4 0.3720703125 0.791015625 0.015625 0.02734375
4 0.509765625 0.6533203125 0.0341796875 0.021484375
4 0.4970703125 0.5908203125 0.0224609375 0.0322265625
4 0.3193359375 0.5751953125 0.021484375 0.0322265625
4 0.111328125 0.552734375 0.017578125 0.025390625
4 0.435546875 0.578125 0.021484375 0.0224609375