4 0.3017578125 0.46875 0.123046875 0.12890625
4 0.44140625 0.39453125 0.0830078125 0.15625
4 0.1728515625 0.6884765625 0.0966796875 0.15625
4 0.29296875 0.625 0.111328125 0.1005859375
4 0.291015625 0.7080078125 0.119140625 0.083984375
4 0.30078125 0.8720703125 0.0830078125 0.138671875
4 0.396484375 0.8701171875 0.1015625 0.173828125
4 0.5625 0.7607421875 0.080078125 0.123046875
4 0.6181640625 0.9375 0.0986328125 0.0908203125
4 0.75390625 0.744140625 0.0908203125 0.123046875
4 0.8427734375 0.6640625 0.1240234375 0.095703125
4 0.6728515625 0.6328125 0.11328125 0.11328125
4 0.779296875 0.55078125 0.1357421875 0.0927734375
4 0.84765625 0.3544921875 0.0908203125 0.1416015625
4 0.859375 0.224609375 0.1162109375 0.0927734375
4 0.9287109375 0.05859375 0.111328125 0.1171875
4 0.521484375 0.03515625 0.107421875 0.0703125
4 0.6005859375 0.15234375 0.0859375 0.1259765625
4 0.6318359375 0.1298828125 0.068359375 0.1416015625
4 0.3046875 0.1748046875 0.087890625 0.1611328125
4 0.1533203125 0.1015625 0.068359375 0.1572265625
4 0.0634765625 0.1591796875 0.126953125 0.1015625