4 0.361328125 0.1767578125 0.0234375 0.0185546875
4 0.373046875 0.1630859375 0.0244140625 0.015625
4 0.3720703125 0.2080078125 0.01953125 0.033203125
4 0.48828125 0.087890625 0.01953125 0.033203125
4 0.544921875 0.072265625 0.0263671875 0.037109375
4 0.6083984375 0.0302734375 0.0283203125 0.037109375
4 0.57421875 0.2802734375 0.01953125 0.03515625
4 0.6787109375 0.3134765625 0.0244140625 0.02734375
4 0.666015625 0.3759765625 0.01953125 0.0458984375
4 0.50390625 0.3447265625 0.0244140625 0.0380859375
4 0.4970703125 0.4072265625 0.0234375 0.041015625
4 0.3193359375 0.421875 0.01953125 0.0302734375
4 0.11328125 0.4462890625 0.017578125 0.029296875
4 0.1630859375 0.5546875 0.0205078125 0.037109375
4 0.400390625 0.5419921875 0.017578125 0.037109375
4 0.3916015625 0.5869140625 0.03125 0.0341796875
4 0.322265625 0.490234375 0.017578125 0.029296875
4 0.431640625 0.421875 0.0166015625 0.025390625
4 0.6669921875 0.5576171875 0.017578125 0.0400390625
4 0.470703125 0.7333984375 0.025390625 0.0419921875
4 0.484375 0.7919921875 0.0234375 0.041015625
4 0.6025390625 0.771484375 0.0302734375 0.044921875