4 0.15234375 0.6591796875 0.119140625 0.0888671875
4 0.22265625 0.5546875 0.1240234375 0.0908203125
4 0.1484375 0.3583984375 0.0927734375 0.1533203125
4 0.1357421875 0.2197265625 0.1181640625 0.0927734375
4 0.06640625 0.060546875 0.1142578125 0.12109375
4 0.3662109375 0.123046875 0.0732421875 0.1689453125
4 0.3984375 0.150390625 0.0927734375 0.123046875
4 0.47265625 0.0419921875 0.06640625 0.083984375
4 0.6982421875 0.173828125 0.0966796875 0.1591796875
4 0.8525390625 0.1015625 0.0625 0.14453125
4 0.9365234375 0.15234375 0.126953125 0.09375
4 0.5625 0.3916015625 0.0888671875 0.181640625
4 0.69921875 0.4580078125 0.12109375 0.123046875
4 0.7041015625 0.6298828125 0.1015625 0.0966796875
4 0.8203125 0.6875 0.080078125 0.14453125
4 0.7041015625 0.7119140625 0.12109375 0.0888671875
4 0.3271484375 0.640625 0.1005859375 0.087890625
4 0.25390625 0.7509765625 0.123046875 0.1259765625
4 0.44140625 0.7646484375 0.1015625 0.126953125
4 0.3837890625 0.939453125 0.1015625 0.080078125
4 0.6005859375 0.8759765625 0.0986328125 0.1689453125
4 0.697265625 0.873046875 0.0859375 0.13671875