4 0.1259765625 0.560546875 0.1494140625 0.15625
4 0.162109375 0.6220703125 0.138671875 0.205078125
4 0.205078125 0.779296875 0.0654296875 0.2275390625
4 0.3017578125 0.7431640625 0.11328125 0.208984375
4 0.462890625 0.619140625 0.0966796875 0.189453125
4 0.58984375 0.4306640625 0.1357421875 0.1064453125
4 0.6513671875 0.5732421875 0.10546875 0.197265625
4 0.8779296875 0.5361328125 0.1103515625 0.18359375
4 0.92578125 0.341796875 0.1484375 0.1064453125
4 0.6474609375 0.0771484375 0.0966796875 0.154296875
4 0.955078125 0.9443359375 0.083984375 0.1103515625