4 0.1015625 0.1474609375 0.1337890625 0.0654296875
4 0.16015625 0.0625 0.078125 0.125
4 0.169921875 0.2978515625 0.169921875 0.0732421875
4 0.455078125 0.298828125 0.1337890625 0.123046875
4 0.6279296875 0.2958984375 0.0966796875 0.1142578125
4 0.708984375 0.291015625 0.076171875 0.11328125
4 0.6708984375 0.173828125 0.166015625 0.0986328125
4 0.8671875 0.2978515625 0.1259765625 0.1015625
4 0.8701171875 0.39453125 0.173828125 0.1064453125
4 0.7587890625 0.55859375 0.119140625 0.087890625
4 0.9423828125 0.615234375 0.0830078125 0.1162109375
4 0.384765625 0.435546875 0.1767578125 0.068359375
4 0.041015625 0.5234375 0.08203125 0.06640625
4 0.13671875 0.5966796875 0.1435546875 0.0908203125
4 0.1259765625 0.63671875 0.1337890625 0.05859375
4 0.0654296875 0.9228515625 0.130859375 0.1005859375
4 0.2177734375 0.861328125 0.1005859375 0.0986328125
4 0.3642578125 0.845703125 0.1484375 0.0927734375
4 0.5537109375 0.779296875 0.0712890625 0.1259765625
4 0.6318359375 0.6748046875 0.0927734375 0.0927734375
4 0.7490234375 0.7509765625 0.1103515625 0.1103515625
4 0.662109375 0.8486328125 0.0810546875 0.1240234375