4 0.2353515625 0.44140625 0.119140625 0.080078125
4 0.0546875 0.3857421875 0.0751953125 0.1064453125
4 0.248046875 0.248046875 0.078125 0.1064453125
4 0.357421875 0.3232421875 0.1005859375 0.095703125
4 0.439453125 0.228515625 0.0927734375 0.11328125
4 0.3388671875 0.1533203125 0.0908203125 0.130859375
4 0.6484375 0.15625 0.146484375 0.0859375
4 0.7783203125 0.1435546875 0.078125 0.12109375
4 0.9384765625 0.0810546875 0.1181640625 0.10546875
4 0.611328125 0.5625 0.1533203125 0.0732421875
4 0.5390625 0.69921875 0.1318359375 0.1181640625
4 0.3662109375 0.7021484375 0.0986328125 0.1142578125
4 0.298828125 0.7099609375 0.0810546875 0.1162109375
4 0.123046875 0.6005859375 0.15625 0.080078125
4 0.1328125 0.703125 0.119140625 0.1064453125
4 0.31640625 0.830078125 0.1318359375 0.0888671875
4 0.8271484375 0.701171875 0.1484375 0.0927734375
4 0.8984375 0.84375 0.15625 0.0625
4 0.8486328125 0.9365234375 0.087890625 0.126953125
4 0.9580078125 0.4775390625 0.083984375 0.0859375
4 0.8759765625 0.3603515625 0.1142578125 0.087890625
4 0.85546875 0.39453125 0.130859375 0.1005859375