4 0.2041015625 0.482421875 0.033203125 0.0224609375
4 0.2685546875 0.4677734375 0.0341796875 0.025390625
4 0.2216796875 0.6025390625 0.033203125 0.021484375
4 0.43359375 0.671875 0.03515625 0.0283203125
4 0.4912109375 0.6591796875 0.0390625 0.0341796875
4 0.5927734375 0.494140625 0.03125 0.0234375
4 0.65625 0.505859375 0.033203125 0.029296875
4 0.7197265625 0.5751953125 0.041015625 0.0205078125
4 0.6162109375 0.6689453125 0.041015625 0.0205078125
4 0.689453125 0.6767578125 0.03515625 0.0205078125
4 0.9287109375 0.548828125 0.033203125 0.0302734375
4 0.9658203125 0.607421875 0.0234375 0.033203125
4 0.908203125 0.4873046875 0.0341796875 0.015625
4 0.7900390625 0.37109375 0.02734375 0.01953125
4 0.8193359375 0.361328125 0.015625 0.0234375
4 0.8359375 0.3720703125 0.015625 0.0234375
4 0.5751953125 0.3203125 0.029296875 0.017578125
4 0.5791015625 0.43359375 0.0166015625 0.0166015625
4 0.458984375 0.3994140625 0.0263671875 0.013671875
4 0.4130859375 0.392578125 0.0234375 0.0185546875
4 0.509765625 0.3251953125 0.015625 0.015625
4 0.5146484375 0.4013671875 0.013671875 0.01953125
4 0.552734375 0.111328125 0.01953125 0.0146484375
4 0.4453125 0.1650390625 0.0185546875 0.0107421875