4 0.3017578125 0.5341796875 0.1162109375 0.11328125
4 0.4423828125 0.6044921875 0.0751953125 0.1513671875
4 0.2998046875 0.8193359375 0.103515625 0.1669921875
4 0.146484375 0.8916015625 0.060546875 0.13671875
4 0.056640625 0.8408203125 0.11328125 0.1015625
4 0.298828125 0.3623046875 0.0908203125 0.0966796875
4 0.2919921875 0.2802734375 0.1162109375 0.0927734375
4 0.169921875 0.3076171875 0.1015625 0.146484375
4 0.2939453125 0.1337890625 0.103515625 0.1435546875
4 0.3955078125 0.1103515625 0.083984375 0.154296875
4 0.6279296875 0.0556640625 0.0986328125 0.0859375
4 0.56640625 0.23046875 0.087890625 0.126953125
4 0.7607421875 0.2451171875 0.1162109375 0.111328125
4 0.8603515625 0.333984375 0.12890625 0.0830078125
4 0.7939453125 0.4375 0.1162109375 0.0732421875
4 0.6875 0.359375 0.0966796875 0.083984375
4 0.8623046875 0.64453125 0.0966796875 0.154296875
4 0.8798828125 0.779296875 0.1005859375 0.083984375
4 0.9482421875 0.9384765625 0.103515625 0.1220703125
4 0.640625 0.875 0.076171875 0.1416015625
4 0.615234375 0.85546875 0.083984375 0.12109375
4 0.5302734375 0.9560546875 0.0634765625 0.0869140625