2 0.1572265625 0.8642578125 0.0732421875 0.0712890625
2 0.34375 0.5302734375 0.095703125 0.095703125
2 0.4541015625 0.4375 0.05078125 0.1337890625
2 0.720703125 0.3525390625 0.0712890625 0.1005859375
2 0.671875 0.7197265625 0.0927734375 0.1083984375
2 0.1005859375 0.3916015625 0.0478515625 0.0732421875
2 0.1220703125 0.2353515625 0.0625 0.0888671875
2 0.0732421875 0.1103515625 0.080078125 0.1162109375
2 0.3017578125 0.318359375 0.078125 0.05078125
2 0.6708984375 0.0625 0.0576171875 0.0830078125
2 0.75390625 0.025390625 0.0908203125 0.05078125
2 0.93359375 0.373046875 0.0654296875 0.1005859375
2 0.4814453125 0.912109375 0.0458984375 0.0625
2 0.087890625 0.65625 0.0634765625 0.1015625
2 0.234375 0.6845703125 0.041015625 0.0859375
2 0.794921875 0.7275390625 0.0703125 0.0576171875
2 0.78515625 0.662109375 0.0634765625 0.0625
2 0.8837890625 0.248046875 0.060546875 0.05859375
2 0.4921875 0.8603515625 0.0576171875 0.0576171875
2 0.498046875 0.3974609375 0.0576171875 0.1103515625
2 0.451171875 0.1884765625 0.0478515625 0.05859375