2 0.2607421875 0.1259765625 0.0859375 0.1083984375
2 0.0576171875 0.4638671875 0.060546875 0.03515625
2 0.099609375 0.4189453125 0.0498046875 0.0703125
2 0.0830078125 0.6494140625 0.080078125 0.111328125
2 0.103515625 0.7578125 0.0830078125 0.0986328125
2 0.109375 0.8662109375 0.0810546875 0.1083984375
2 0.0869140625 0.95703125 0.0966796875 0.0791015625
2 0.3876953125 0.8330078125 0.0966796875 0.095703125
2 0.3525390625 0.732421875 0.05859375 0.1083984375
2 0.4921875 0.5283203125 0.05078125 0.0703125
2 0.515625 0.794921875 0.052734375 0.060546875
2 0.7412109375 0.78515625 0.0654296875 0.076171875
2 0.7568359375 0.94140625 0.0751953125 0.076171875
2 0.9208984375 0.775390625 0.0576171875 0.0634765625
2 0.84375 0.431640625 0.0810546875 0.111328125
2 0.9267578125 0.1240234375 0.0927734375 0.1083984375
2 0.421875 0.3974609375 0.166015625 0.169921875