2 0.6787109375 0.4755859375 0.197265625 0.1669921875
2 0.8955078125 0.34765625 0.1572265625 0.2392578125
2 0.84765625 0.552734375 0.087890625 0.076171875
2 0.7958984375 0.833984375 0.1181640625 0.083984375
2 0.7529296875 0.71484375 0.1103515625 0.1083984375
2 0.5908203125 0.7119140625 0.130859375 0.080078125
2 0.6552734375 0.900390625 0.103515625 0.0810546875
2 0.572265625 0.9033203125 0.0908203125 0.10546875
2 0.5546875 0.810546875 0.0732421875 0.080078125
2 0.0966796875 0.7158203125 0.1259765625 0.11328125
2 0.0537109375 0.9716796875 0.1064453125 0.05078125
2 0.369140625 0.3818359375 0.087890625 0.0703125
2 0.4033203125 0.3154296875 0.0810546875 0.080078125
2 0.478515625 0.3212890625 0.0908203125 0.10546875
2 0.6015625 0.333984375 0.083984375 0.13671875