2 0.4619140625 0.134765625 0.0517578125 0.033203125
2 0.439453125 0.2099609375 0.03125 0.0322265625
2 0.37109375 0.263671875 0.029296875 0.0234375
2 0.33203125 0.4189453125 0.03515625 0.0400390625
2 0.2548828125 0.6552734375 0.029296875 0.060546875
2 0.3095703125 0.6640625 0.03125 0.048828125
2 0.3056640625 0.5634765625 0.0478515625 0.0458984375
2 0.298828125 0.7353515625 0.0595703125 0.0478515625
2 0.37890625 0.6416015625 0.02734375 0.0703125
2 0.38671875 0.5693359375 0.0458984375 0.029296875
2 0.373046875 0.4951171875 0.0205078125 0.03125
2 0.4345703125 0.4052734375 0.01953125 0.0537109375
2 0.4453125 0.45703125 0.0234375 0.0390625
2 0.4384765625 0.5341796875 0.03125 0.0458984375
2 0.5224609375 0.220703125 0.029296875 0.083984375
2 0.5751953125 0.8173828125 0.060546875 0.0322265625
2 0.5654296875 0.6728515625 0.02734375 0.0595703125
2 0.6728515625 0.7158203125 0.03125 0.076171875
2 0.7021484375 0.609375 0.017578125 0.029296875
2 0.75390625 0.599609375 0.041015625 0.015625
2 0.5986328125 0.5400390625 0.02734375 0.0244140625
2 0.6474609375 0.5859375 0.021484375 0.052734375
2 0.66796875 0.439453125 0.076171875 0.076171875
2 0.8037109375 0.5341796875 0.0361328125 0.02734375
2 0.5537109375 0.7451171875 0.0244140625 0.0634765625
2 0.5986328125 0.748046875 0.0390625 0.0576171875
2 0.451171875 0.70703125 0.01953125 0.091796875
2 0.677734375 0.2724609375 0.0654296875 0.0419921875
2 0.7998046875 0.1572265625 0.0400390625 0.0703125