2 0.1513671875 0.740234375 0.13671875 0.0830078125
2 0.365234375 0.748046875 0.1484375 0.0888671875
2 0.56640625 0.79296875 0.087890625 0.1875
2 0.6728515625 0.814453125 0.1357421875 0.138671875
2 0.609375 0.6259765625 0.12890625 0.1015625
2 0.6923828125 0.634765625 0.0927734375 0.1669921875
2 0.845703125 0.58984375 0.1181640625 0.19921875
2 0.6494140625 0.396484375 0.1513671875 0.1083984375
2 0.3984375 0.4521484375 0.1181640625 0.1337890625
2 0.474609375 0.5654296875 0.13671875 0.20703125
2 0.4423828125 0.26171875 0.09375 0.1484375
2 0.51953125 0.1533203125 0.1083984375 0.1767578125
2 0.59375 0.169921875 0.10546875 0.11328125