2 0.5068359375 0.716796875 0.0810546875 0.060546875
2 0.5478515625 0.64453125 0.080078125 0.119140625
2 0.0859375 0.6005859375 0.0830078125 0.0927734375
2 0.064453125 0.357421875 0.0908203125 0.04296875
2 0.375 0.1630859375 0.087890625 0.0654296875
2 0.7216796875 0.177734375 0.0634765625 0.0908203125
2 0.662109375 0.2578125 0.0537109375 0.095703125
2 0.9677734375 0.455078125 0.0634765625 0.087890625
2 0.7587890625 0.521484375 0.0654296875 0.0966796875
2 0.79296875 0.84375 0.080078125 0.0908203125
2 0.4072265625 0.875 0.1162109375 0.103515625
2 0.9140625 0.8046875 0.060546875 0.0830078125
2 0.583984375 0.9111328125 0.052734375 0.0537109375
2 0.33984375 0.6669921875 0.0625 0.0634765625
2 0.2177734375 0.7138671875 0.0576171875 0.0751953125
2 0.15234375 0.6552734375 0.0498046875 0.0751953125
2 0.2919921875 0.482421875 0.037109375 0.060546875
2 0.39453125 0.4091796875 0.04296875 0.060546875
2 0.890625 0.3818359375 0.0703125 0.080078125
2 0.9384765625 0.6279296875 0.068359375 0.087890625