2 0.275390625 0.1328125 0.0361328125 0.0419921875
2 0.2685546875 0.236328125 0.048828125 0.037109375
2 0.2265625 0.255859375 0.052734375 0.03125
2 0.3310546875 0.2548828125 0.0361328125 0.033203125
2 0.3251953125 0.1728515625 0.03125 0.021484375
2 0.3359375 0.2099609375 0.0283203125 0.0400390625
2 0.296875 0.18359375 0.03515625 0.0087890625
2 0.0615234375 0.2158203125 0.087890625 0.0234375
2 0.16015625 0.4677734375 0.037109375 0.0595703125
2 0.2001953125 0.4736328125 0.037109375 0.0458984375
2 0.2587890625 0.4716796875 0.044921875 0.0693359375
2 0.3310546875 0.5205078125 0.0234375 0.0361328125
2 0.224609375 0.4775390625 0.01953125 0.0537109375
2 0.2734375 0.4951171875 0.0556640625 0.0595703125
2 0.2939453125 0.5673828125 0.060546875 0.0283203125
2 0.341796875 0.7578125 0.041015625 0.048828125
2 0.3779296875 0.765625 0.033203125 0.0458984375
2 0.4052734375 0.7705078125 0.017578125 0.0537109375
2 0.33984375 0.697265625 0.0478515625 0.0283203125
2 0.2763671875 0.810546875 0.044921875 0.0537109375
2 0.2685546875 0.615234375 0.02734375 0.044921875
2 0.322265625 0.630859375 0.01953125 0.0810546875
2 0.36328125 0.646484375 0.0166015625 0.03515625
2 0.4306640625 0.564453125 0.0634765625 0.0439453125
2 0.4326171875 0.73828125 0.0244140625 0.056640625
2 0.3896484375 0.712890625 0.025390625 0.0478515625
2 0.4189453125 0.3681640625 0.025390625 0.021484375
2 0.3798828125 0.3310546875 0.013671875 0.03515625
2 0.3681640625 0.2197265625 0.025390625 0.041015625
2 0.40234375 0.2275390625 0.02734375 0.041015625
2 0.4658203125 0.181640625 0.0283203125 0.052734375
2 0.4248046875 0.4130859375 0.025390625 0.0576171875
2 0.453125 0.40234375 0.01953125 0.060546875
2 0.5078125 0.4677734375 0.0322265625 0.021484375
2 0.5732421875 0.4560546875 0.017578125 0.0419921875
2 0.5224609375 0.4375 0.033203125 0.017578125
2 0.4931640625 0.4140625 0.02734375 0.0234375
2 0.5234375 0.3857421875 0.0205078125 0.0595703125
2 0.48046875 0.369140625 0.0556640625 0.025390625
2 0.5927734375 0.4189453125 0.02734375 0.029296875
2 0.6240234375 0.4853515625 0.03125 0.037109375
2 0.8125 0.5830078125 0.0234375 0.03515625