2 0.2177734375 0.8583984375 0.1787109375 0.1748046875
2 0.6162109375 0.640625 0.1533203125 0.166015625
2 0.7451171875 0.92578125 0.0859375 0.1259765625
2 0.931640625 0.427734375 0.0830078125 0.154296875
2 0.0927734375 0.419921875 0.1357421875 0.0966796875
2 0.2587890625 0.3662109375 0.0966796875 0.1142578125
2 0.3857421875 0.318359375 0.154296875 0.0927734375
2 0.43359375 0.2529296875 0.0859375 0.076171875
2 0.4736328125 0.1728515625 0.087890625 0.0966796875
2 0.3857421875 0.150390625 0.076171875 0.09375
2 0.4208984375 0.05859375 0.0732421875 0.1005859375
2 0.5029296875 0.0751953125 0.0654296875 0.1083984375
2 0.5673828125 0.115234375 0.05859375 0.119140625
2 0.1787109375 0.3408203125 0.078125 0.0859375
2 0.0498046875 0.306640625 0.0927734375 0.083984375
2 0.404296875 0.78125 0.2099609375 0.1513671875
2 0.4912109375 0.59765625 0.1962890625 0.1689453125
2 0.72265625 0.1943359375 0.10546875 0.076171875
2 0.720703125 0.060546875 0.1103515625 0.1201171875
2 0.9150390625 0.068359375 0.083984375 0.13671875
2 0.84765625 0.123046875 0.0556640625 0.087890625
2 0.7783203125 0.1337890625 0.0888671875 0.0703125
2 0.298828125 0.1923828125 0.0810546875 0.11328125
2 0.208984375 0.17578125 0.0556640625 0.0966796875
2 0.1572265625 0.2314453125 0.0634765625 0.103515625
2 0.10546875 0.23046875 0.0859375 0.1162109375
2 0.2109375 0.2490234375 0.078125 0.0908203125
2 0.2587890625 0.2783203125 0.0810546875 0.0576171875
2 0.5927734375 0.2626953125 0.0634765625 0.076171875
2 0.673828125 0.267578125 0.06640625 0.06640625
2 0.9423828125 0.1669921875 0.0966796875 0.0634765625