2 0.3857421875 0.1552734375 0.080078125 0.1591796875
2 0.580078125 0.291015625 0.1875 0.134765625
2 0.2568359375 0.51171875 0.1611328125 0.1337890625
2 0.3583984375 0.3623046875 0.0634765625 0.126953125
2 0.4130859375 0.400390625 0.0498046875 0.072265625
2 0.455078125 0.3388671875 0.0693359375 0.0859375
2 0.458984375 0.24609375 0.0654296875 0.06640625
2 0.4287109375 0.501953125 0.150390625 0.130859375
2 0.2734375 0.775390625 0.19921875 0.2431640625
2 0.62890625 0.49609375 0.1513671875 0.1611328125
2 0.7724609375 0.5771484375 0.248046875 0.09765625