2 0.6845703125 0.8623046875 0.134765625 0.2705078125
2 0.7646484375 0.7080078125 0.2607421875 0.091796875
2 0.759765625 0.8095703125 0.0439453125 0.0810546875
2 0.818359375 0.8505859375 0.0732421875 0.0615234375
2 0.666015625 0.572265625 0.1044921875 0.080078125
2 0.4736328125 0.54296875 0.158203125 0.08984375
2 0.521484375 0.8095703125 0.150390625 0.1259765625
2 0.5966796875 0.7373046875 0.1728515625 0.109375
2 0.2421875 0.830078125 0.142578125 0.2158203125
2 0.142578125 0.0556640625 0.2080078125 0.1005859375
2 0.2138671875 0.1513671875 0.044921875 0.109375
2 0.177734375 0.3525390625 0.07421875 0.1083984375
2 0.3779296875 0.115234375 0.125 0.125
2 0.482421875 0.341796875 0.1083984375 0.0732421875
2 0.62890625 0.462890625 0.0615234375 0.0810546875
2 0.4345703125 0.4697265625 0.1728515625 0.06640625
2 0.3603515625 0.31640625 0.11328125 0.130859375
2 0.2607421875 0.3095703125 0.087890625 0.0498046875
2 0.220703125 0.2451171875 0.1064453125 0.068359375
2 0.283203125 0.185546875 0.052734375 0.1083984375
2 0.29296875 0.0654296875 0.048828125 0.109375