2 0.34765625 0.369140625 0.1650390625 0.1337890625
2 0.2177734375 0.6015625 0.1015625 0.2138671875
2 0.4208984375 0.517578125 0.1650390625 0.0654296875
2 0.4248046875 0.62890625 0.1181640625 0.1650390625
2 0.505859375 0.6494140625 0.1103515625 0.052734375
2 0.5078125 0.5732421875 0.0556640625 0.078125
2 0.4912109375 0.3857421875 0.09765625 0.162109375
2 0.3486328125 0.208984375 0.12109375 0.068359375
2 0.3759765625 0.0546875 0.0849609375 0.091796875
2 0.8935546875 0.2138671875 0.212890625 0.166015625
2 0.6943359375 0.2626953125 0.0634765625 0.125
2 0.9150390625 0.3662109375 0.0966796875 0.078125
2 0.921875 0.458984375 0.0947265625 0.0888671875
2 0.6328125 0.8984375 0.08203125 0.1455078125