2 0.1416015625 0.57421875 0.12890625 0.189453125
2 0.4814453125 0.14453125 0.064453125 0.162109375
2 0.568359375 0.279296875 0.1044921875 0.1494140625
2 0.37109375 0.4111328125 0.1865234375 0.1689453125
2 0.400390625 0.611328125 0.12109375 0.1044921875
2 0.318359375 0.6328125 0.083984375 0.1591796875
2 0.5302734375 0.5693359375 0.0947265625 0.2041015625
2 0.607421875 0.427734375 0.140625 0.158203125
2 0.654296875 0.765625 0.1826171875 0.125
2 0.869140625 0.7373046875 0.1474609375 0.1142578125
2 0.451171875 0.8076171875 0.09375 0.17578125
2 0.3349609375 0.802734375 0.109375 0.13671875