2 0.78125 0.8623046875 0.1171875 0.189453125
2 0.4072265625 0.6455078125 0.1064453125 0.2021484375
2 0.501953125 0.5673828125 0.24609375 0.2109375
2 0.6396484375 0.7412109375 0.296875 0.2158203125
2 0.267578125 0.9248046875 0.0947265625 0.0849609375
2 0.09765625 0.41015625 0.0517578125 0.1044921875
2 0.0869140625 0.072265625 0.080078125 0.1435546875
2 0.0380859375 0.0908203125 0.076171875 0.056640625
2 0.2646484375 0.193359375 0.134765625 0.0771484375
2 0.2314453125 0.125 0.0849609375 0.076171875
2 0.2724609375 0.072265625 0.08984375 0.1435546875
2 0.6298828125 0.322265625 0.177734375 0.0888671875
2 0.4228515625 0.2802734375 0.0703125 0.12890625
2 0.3876953125 0.111328125 0.1064453125 0.1123046875
2 0.3603515625 0.0556640625 0.0556640625 0.056640625
2 0.443359375 0.0244140625 0.1083984375 0.048828125
2 0.42578125 0.1181640625 0.048828125 0.134765625
2 0.513671875 0.0693359375 0.068359375 0.1337890625
2 0.5908203125 0.06640625 0.0615234375 0.0986328125
2 0.54296875 0.171875 0.08203125 0.109375
2 0.611328125 0.154296875 0.0517578125 0.08203125
2 0.564453125 0.2529296875 0.0947265625 0.0810546875
2 0.703125 0.1953125 0.068359375 0.1083984375
2 0.7998046875 0.1650390625 0.0556640625 0.0947265625
2 0.791015625 0.2578125 0.0537109375 0.0654296875
2 0.7412109375 0.2783203125 0.064453125 0.060546875
2 0.7490234375 0.3564453125 0.0927734375 0.0927734375
2 0.82421875 0.34765625 0.0947265625 0.10546875
2 0.9189453125 0.3955078125 0.1611328125 0.052734375
2 0.9072265625 0.228515625 0.0400390625 0.14453125
2 0.94921875 0.294921875 0.1005859375 0.078125