2 0.08984375 0.1064453125 0.0703125 0.083984375
2 0.189453125 0.4765625 0.1142578125 0.2353515625
2 0.9072265625 0.638671875 0.0947265625 0.091796875
2 0.626953125 0.8544921875 0.09375 0.1572265625
2 0.3623046875 0.67578125 0.1025390625 0.1171875
2 0.4755859375 0.779296875 0.0537109375 0.0537109375
2 0.587890625 0.3828125 0.169921875 0.2119140625
2 0.7451171875 0.1298828125 0.068359375 0.1103515625
2 0.8984375 0.4150390625 0.0400390625 0.0498046875
2 0.943359375 0.4765625 0.0634765625 0.091796875
2 0.943359375 0.41015625 0.0498046875 0.0439453125
2 0.8974609375 0.7548828125 0.072265625 0.0927734375
2 0.66015625 0.734375 0.052734375 0.1259765625
2 0.51171875 0.513671875 0.0537109375 0.060546875
2 0.2685546875 0.78515625 0.076171875 0.0654296875
2 0.8896484375 0.8544921875 0.091796875 0.064453125
2 0.943359375 0.9580078125 0.11328125 0.083984375