2 0.181640625 0.3369140625 0.087890625 0.1826171875
2 0.2763671875 0.4716796875 0.0634765625 0.1796875
2 0.390625 0.5693359375 0.1328125 0.20703125
2 0.498046875 0.4521484375 0.13671875 0.2998046875
2 0.67578125 0.3271484375 0.087890625 0.2138671875
2 0.6787109375 0.494140625 0.056640625 0.234375
2 0.720703125 0.7119140625 0.1455078125 0.232421875
2 0.55859375 0.6357421875 0.1748046875 0.12109375
2 0.5966796875 0.751953125 0.068359375 0.173828125
2 0.76953125 0.869140625 0.0771484375 0.21484375
2 0.458984375 0.7568359375 0.1552734375 0.1181640625
2 0.513671875 0.873046875 0.1044921875 0.1298828125
2 0.1201171875 0.6669921875 0.09765625 0.18359375
2 0.072265625 0.8564453125 0.1171875 0.1591796875
2 0.1650390625 0.77734375 0.0537109375 0.2001953125
2 0.2724609375 0.8857421875 0.0986328125 0.228515625
2 0.359375 0.8955078125 0.0888671875 0.162109375
2 0.1943359375 0.9296875 0.0517578125 0.140625