2 0.810546875 0.6826171875 0.2138671875 0.41015625
2 0.626953125 0.5087890625 0.173828125 0.0966796875
2 0.6220703125 0.2099609375 0.1044921875 0.177734375
2 0.2080078125 0.3125 0.1474609375 0.0693359375
2 0.24609375 0.9111328125 0.1953125 0.1337890625
2 0.3193359375 0.5859375 0.1611328125 0.21484375
2 0.17578125 0.4384765625 0.1650390625 0.1689453125
2 0.296875 0.439453125 0.1025390625 0.2060546875
2 0.4248046875 0.46484375 0.1005859375 0.166015625
2 0.537109375 0.5029296875 0.109375 0.2421875
2 0.38671875 0.3193359375 0.154296875 0.0859375
2 0.4912109375 0.2685546875 0.08984375 0.185546875
2 0.38671875 0.169921875 0.1572265625 0.1796875
2 0.2685546875 0.1650390625 0.1630859375 0.21875