2 0.3935546875 0.732421875 0.0927734375 0.2060546875
2 0.1962890625 0.29296875 0.296875 0.2021484375
2 0.0908203125 0.4443359375 0.09375 0.109375
2 0.1796875 0.6728515625 0.125 0.08203125
2 0.6162109375 0.6357421875 0.1162109375 0.14453125
2 0.6943359375 0.796875 0.0771484375 0.1708984375
2 0.5625 0.87109375 0.1103515625 0.1142578125
2 0.72265625 0.41015625 0.1982421875 0.2529296875
2 0.888671875 0.45703125 0.1708984375 0.1787109375
2 0.9130859375 0.6640625 0.173828125 0.1572265625
2 0.654296875 0.2890625 0.07421875 0.1337890625
2 0.7919921875 0.1953125 0.0771484375 0.14453125
2 0.4462890625 0.3603515625 0.08203125 0.11328125