2 0.244140625 0.40234375 0.18359375 0.130859375
2 0.349609375 0.5185546875 0.1337890625 0.185546875
2 0.416015625 0.728515625 0.19921875 0.1611328125
2 0.5869140625 0.4931640625 0.22265625 0.1455078125
2 0.771484375 0.2763671875 0.1376953125 0.2080078125
2 0.7373046875 0.4609375 0.087890625 0.0947265625
2 0.662109375 0.646484375 0.0458984375 0.0966796875
2 0.630859375 0.8623046875 0.0966796875 0.146484375
2 0.5869140625 0.6025390625 0.037109375 0.0732421875
2 0.552734375 0.6650390625 0.0615234375 0.056640625
2 0.681640625 0.291015625 0.0458984375 0.0986328125
2 0.5458984375 0.7431640625 0.076171875 0.068359375