2 0.2666015625 0.142578125 0.0927734375 0.123046875
2 0.2685546875 0.3623046875 0.09375 0.173828125
2 0.2138671875 0.560546875 0.2001953125 0.0732421875
2 0.189453125 0.6865234375 0.134765625 0.126953125
2 0.3896484375 0.599609375 0.087890625 0.0966796875
2 0.4453125 0.8623046875 0.23828125 0.1728515625
2 0.3779296875 0.6796875 0.1748046875 0.091796875
2 0.6103515625 0.658203125 0.166015625 0.1875
2 0.5625 0.40234375 0.1572265625 0.1552734375
2 0.4794921875 0.498046875 0.2421875 0.154296875
2 0.7294921875 0.4189453125 0.11328125 0.1171875
2 0.8603515625 0.5927734375 0.1982421875 0.1162109375