2 0.34375 0.173828125 0.181640625 0.087890625
2 0.4775390625 0.2666015625 0.189453125 0.1015625
2 0.56640625 0.38671875 0.2177734375 0.1337890625
2 0.462890625 0.4912109375 0.3291015625 0.1025390625
2 0.3388671875 0.6728515625 0.2275390625 0.0849609375
2 0.7060546875 0.6943359375 0.2314453125 0.09765625
2 0.6796875 0.552734375 0.0986328125 0.138671875
2 0.775390625 0.470703125 0.123046875 0.203125
2 0.6591796875 0.1015625 0.1630859375 0.0517578125
2 0.7685546875 0.17578125 0.1865234375 0.09375
2 0.8974609375 0.2568359375 0.205078125 0.072265625
2 0.87109375 0.76953125 0.193359375 0.068359375
2 0.767578125 0.611328125 0.1552734375 0.0537109375
2 0.8759765625 0.5078125 0.146484375 0.12890625
2 0.890625 0.357421875 0.126953125 0.083984375