2 0.6328125 0.8203125 0.40625 0.2314453125
2 0.8994140625 0.2265625 0.12109375 0.1875
2 0.333984375 0.2099609375 0.0595703125 0.14453125
2 0.1611328125 0.2578125 0.2216796875 0.126953125
2 0.1572265625 0.38671875 0.166015625 0.083984375
2 0.3232421875 0.3876953125 0.08203125 0.1455078125
2 0.439453125 0.4345703125 0.1259765625 0.1044921875
2 0.5703125 0.3359375 0.154296875 0.1982421875
2 0.486328125 0.52734375 0.2138671875 0.1162109375
2 0.513671875 0.6298828125 0.10546875 0.173828125
2 0.2783203125 0.50390625 0.1953125 0.185546875
2 0.2109375 0.619140625 0.177734375 0.1171875