2 0.283203125 0.1953125 0.2177734375 0.2421875
2 0.1142578125 0.3720703125 0.2119140625 0.1328125
2 0.359375 0.4384765625 0.1064453125 0.1044921875
2 0.6845703125 0.177734375 0.126953125 0.1181640625
2 0.482421875 0.08984375 0.123046875 0.0810546875
2 0.748046875 0.392578125 0.2099609375 0.162109375
2 0.3173828125 0.666015625 0.1943359375 0.0703125
2 0.21875 0.802734375 0.1572265625 0.12109375
2 0.46484375 0.7080078125 0.2080078125 0.19140625
2 0.4541015625 0.8916015625 0.1953125 0.134765625
2 0.6650390625 0.8955078125 0.162109375 0.181640625
2 0.625 0.6015625 0.1162109375 0.1201171875
2 0.8017578125 0.6904296875 0.17578125 0.1259765625
2 0.8681640625 0.5712890625 0.1025390625 0.1181640625