2 0.50390625 0.349609375 0.1611328125 0.173828125
2 0.6123046875 0.2646484375 0.162109375 0.2275390625
2 0.283203125 0.44140625 0.2353515625 0.2666015625
2 0.16796875 0.6357421875 0.181640625 0.0849609375
2 0.392578125 0.595703125 0.0986328125 0.07421875
2 0.3740234375 0.66015625 0.1201171875 0.0654296875
2 0.7099609375 0.677734375 0.1025390625 0.052734375
2 0.525390625 0.5869140625 0.140625 0.1533203125
2 0.53515625 0.740234375 0.0693359375 0.1064453125
2 0.7412109375 0.7666015625 0.21484375 0.14453125
2 0.236328125 0.5400390625 0.0947265625 0.0537109375
2 0.3466796875 0.55859375 0.0654296875 0.0615234375
2 0.08984375 0.4716796875 0.134765625 0.150390625