2 0.376953125 0.55859375 0.224609375 0.1435546875
2 0.6328125 0.3212890625 0.291015625 0.1767578125
2 0.71484375 0.5439453125 0.2197265625 0.2021484375
2 0.884765625 0.6494140625 0.2275390625 0.1337890625
2 0.244140625 0.765625 0.10546875 0.11328125
2 0.10546875 0.8369140625 0.2109375 0.228515625
2 0.1494140625 0.5830078125 0.146484375 0.0732421875
2 0.2734375 0.3876953125 0.0732421875 0.0966796875
2 0.365234375 0.4306640625 0.1103515625 0.0908203125
2 0.421875 0.3701171875 0.1181640625 0.0810546875
2 0.4443359375 0.263671875 0.0888671875 0.083984375
2 0.3193359375 0.166015625 0.1162109375 0.1748046875
2 0.5771484375 0.072265625 0.2021484375 0.1318359375