2 0.7822265625 0.470703125 0.0927734375 0.1748046875
2 0.7392578125 0.43359375 0.11328125 0.1083984375
2 0.6767578125 0.396484375 0.0537109375 0.0947265625
2 0.5703125 0.3974609375 0.09765625 0.123046875
2 0.56640625 0.509765625 0.0947265625 0.0458984375
2 0.6416015625 0.5439453125 0.0322265625 0.0576171875
2 0.89453125 0.421875 0.083984375 0.1005859375
2 0.8603515625 0.5400390625 0.0576171875 0.0966796875
2 0.9443359375 0.546875 0.0810546875 0.17578125
2 0.765625 0.65234375 0.091796875 0.1650390625
2 0.697265625 0.5732421875 0.03125 0.0634765625
2 0.7138671875 0.712890625 0.0927734375 0.2109375
2 0.3681640625 0.5263671875 0.0654296875 0.162109375
2 0.2978515625 0.4541015625 0.0498046875 0.06640625
2 0.19140625 0.6494140625 0.0390625 0.048828125
2 0.318359375 0.6513671875 0.037109375 0.09375
2 0.240234375 0.73828125 0.087890625 0.0927734375
2 0.1923828125 0.9248046875 0.08984375 0.150390625