2 0.6748046875 0.3662109375 0.1943359375 0.197265625
2 0.89453125 0.2255859375 0.1572265625 0.291015625
2 0.591796875 0.634765625 0.1357421875 0.119140625
2 0.6748046875 0.685546875 0.0751953125 0.0654296875
2 0.744140625 0.6376953125 0.10546875 0.083984375
2 0.798828125 0.7919921875 0.123046875 0.11328125
2 0.64453125 0.87109375 0.103515625 0.0986328125
2 0.5625 0.853515625 0.078125 0.162109375
2 0.5556640625 0.751953125 0.095703125 0.0732421875
2 0.4794921875 0.1787109375 0.0927734375 0.1259765625
2 0.6171875 0.1826171875 0.1064453125 0.224609375
2 0.853515625 0.4619140625 0.0888671875 0.130859375
2 0.0537109375 0.9453125 0.107421875 0.109375
2 0.0986328125 0.6376953125 0.1142578125 0.1416015625
2 0.4033203125 0.1845703125 0.09375 0.0986328125