2 0.76171875 0.861328125 0.2216796875 0.22265625
2 0.8818359375 0.6904296875 0.15625 0.1103515625
2 0.7138671875 0.5771484375 0.1181640625 0.052734375
2 0.7265625 0.533203125 0.1142578125 0.0478515625
2 0.6640625 0.470703125 0.0859375 0.0908203125
2 0.4736328125 0.56640625 0.1669921875 0.083984375
2 0.529296875 0.8544921875 0.205078125 0.14453125
2 0.216796875 0.8564453125 0.1533203125 0.1962890625
2 0.501953125 0.357421875 0.15625 0.123046875
2 0.3662109375 0.12109375 0.1494140625 0.1142578125
2 0.1689453125 0.2509765625 0.1240234375 0.1259765625
2 0.1806640625 0.0966796875 0.103515625 0.1611328125