2 0.59375 0.9443359375 0.0927734375 0.0830078125
2 0.330078125 0.5283203125 0.078125 0.0634765625
2 0.4189453125 0.5244140625 0.0859375 0.060546875
2 0.5517578125 0.5283203125 0.0400390625 0.0654296875
2 0.625 0.55859375 0.037109375 0.06640625
2 0.7216796875 0.5771484375 0.0732421875 0.068359375
2 0.6328125 0.6279296875 0.1162109375 0.0380859375
2 0.6064453125 0.2275390625 0.0927734375 0.0478515625
2 0.7265625 0.2529296875 0.068359375 0.0302734375
2 0.7373046875 0.205078125 0.0634765625 0.0625
2 0.638671875 0.1572265625 0.060546875 0.037109375
2 0.755859375 0.8857421875 0.0712890625 0.0634765625
2 0.744140625 0.8125 0.0751953125 0.05078125
2 0.85546875 0.822265625 0.0703125 0.0625
2 0.779296875 0.6484375 0.087890625 0.0537109375
2 0.8828125 0.607421875 0.083984375 0.05859375
2 0.8369140625 0.2568359375 0.0751953125 0.0322265625
2 0.8095703125 0.212890625 0.0654296875 0.0810546875
2 0.90234375 0.216796875 0.0712890625 0.0634765625
2 0.4765625 0.2509765625 0.1103515625 0.0400390625
2 0.14453125 0.2119140625 0.0751953125 0.03515625
2 0.94140625 0.857421875 0.041015625 0.0712890625
2 0.9296875 0.400390625 0.05859375 0.0556640625
2 0.947265625 0.4306640625 0.052734375 0.0400390625
2 0.9345703125 0.34765625 0.0380859375 0.0478515625
2 0.9599609375 0.2978515625 0.0400390625 0.0537109375
2 0.6015625 0.0986328125 0.0732421875 0.0703125