2 0.7998046875 0.888671875 0.130859375 0.060546875
2 0.7001953125 0.87890625 0.123046875 0.130859375
2 0.7060546875 0.7607421875 0.189453125 0.0966796875
2 0.7998046875 0.6142578125 0.126953125 0.1103515625
2 0.810546875 0.69921875 0.10546875 0.0634765625
2 0.8798828125 0.6806640625 0.0458984375 0.1064453125
2 0.9248046875 0.7783203125 0.0712890625 0.1083984375
2 0.65625 0.576171875 0.0830078125 0.09375
2 0.5478515625 0.6201171875 0.1533203125 0.0654296875
2 0.494140625 0.451171875 0.11328125 0.126953125
2 0.3427734375 0.4130859375 0.0634765625 0.0966796875
2 0.1923828125 0.373046875 0.1357421875 0.11328125
2 0.1455078125 0.2294921875 0.12890625 0.1533203125