2 0.1376953125 0.6015625 0.14453125 0.224609375
2 0.302734375 0.3486328125 0.1845703125 0.1337890625
2 0.30078125 0.19140625 0.10546875 0.080078125
2 0.3291015625 0.044921875 0.0966796875 0.068359375
2 0.4482421875 0.3720703125 0.09375 0.123046875
2 0.404296875 0.5126953125 0.15625 0.1142578125
2 0.3701171875 0.6669921875 0.123046875 0.119140625
2 0.9013671875 0.2041015625 0.197265625 0.171875
2 0.92578125 0.3701171875 0.123046875 0.0810546875
2 0.9365234375 0.4501953125 0.126953125 0.083984375
2 0.62109375 0.9267578125 0.13671875 0.1240234375