5 0.3115234375 0.103515625 0.134765625 0.20703125
5 0.5107421875 0.0693359375 0.1357421875 0.0849609375
5 0.505859375 0.203125 0.162109375 0.142578125
5 0.623046875 0.3466796875 0.087890625 0.140625
5 0.7890625 0.4697265625 0.1015625 0.1865234375
5 0.9365234375 0.59375 0.126953125 0.150390625
5 0.9111328125 0.7646484375 0.177734375 0.177734375
5 0.630859375 0.61328125 0.125 0.1630859375
5 0.5224609375 0.6650390625 0.0703125 0.142578125
5 0.3779296875 0.9169921875 0.0625 0.12890625
5 0.26171875 0.8349609375 0.1044921875 0.173828125
5 0.2373046875 0.390625 0.0810546875 0.275390625
5 0.3701171875 0.54296875 0.1591796875 0.0859375
5 0.4873046875 0.5 0.0888671875 0.17578125
5 0.5517578125 0.4228515625 0.099609375 0.1630859375
5 0.3759765625 0.638671875 0.1123046875 0.1025390625
5 0.5283203125 0.9013671875 0.1416015625 0.1396484375
5 0.443359375 0.6875 0.0517578125 0.1552734375