5 0.091796875 0.2666015625 0.1494140625 0.078125
5 0.083984375 0.3759765625 0.1181640625 0.107421875
5 0.1650390625 0.3662109375 0.05859375 0.1181640625
5 0.1923828125 0.6533203125 0.142578125 0.0859375
5 0.146484375 0.6982421875 0.1220703125 0.142578125
5 0.388671875 0.85546875 0.1669921875 0.0712890625
5 0.376953125 0.916015625 0.119140625 0.0712890625
5 0.462890625 0.7548828125 0.08984375 0.1552734375
5 0.404296875 0.568359375 0.1279296875 0.041015625
5 0.4306640625 0.6328125 0.12890625 0.0537109375
5 0.3544921875 0.6806640625 0.12890625 0.13671875
5 0.3525390625 0.490234375 0.0576171875 0.08203125
5 0.3896484375 0.298828125 0.046875 0.0537109375
5 0.544921875 0.205078125 0.12890625 0.1220703125
5 0.4990234375 0.302734375 0.1162109375 0.0703125
5 0.4208984375 0.37890625 0.130859375 0.0546875
5 0.466796875 0.4716796875 0.0859375 0.1083984375
5 0.5654296875 0.5849609375 0.08984375 0.0703125
5 0.5517578125 0.7041015625 0.05078125 0.1259765625
5 0.6376953125 0.7041015625 0.0673828125 0.1201171875
5 0.5947265625 0.9345703125 0.1484375 0.1123046875
5 0.701171875 0.455078125 0.1103515625 0.08203125
5 0.5732421875 0.431640625 0.1064453125 0.15625
5 0.666015625 0.3095703125 0.162109375 0.0888671875
5 0.8623046875 0.30078125 0.1064453125 0.13671875
5 0.8828125 0.443359375 0.0849609375 0.134765625
5 0.8564453125 0.5703125 0.125 0.1162109375
5 0.8134765625 0.81640625 0.2099609375 0.0654296875
5 0.7998046875 0.9443359375 0.2275390625 0.1103515625
5 0.7119140625 0.57421875 0.1103515625 0.1279296875
5 0.728515625 0.7041015625 0.0654296875 0.1279296875
5 0.673828125 0.212890625 0.09375 0.0751953125
5 0.8271484375 0.0703125 0.1103515625 0.107421875