5 0.7275390625 0.1025390625 0.142578125 0.1767578125
5 0.525390625 0.0712890625 0.1767578125 0.1083984375
5 0.5908203125 0.2607421875 0.216796875 0.06640625
5 0.49609375 0.193359375 0.1201171875 0.123046875
5 0.4013671875 0.3349609375 0.041015625 0.2177734375
5 0.232421875 0.474609375 0.080078125 0.2041015625
5 0.1572265625 0.74609375 0.109375 0.1748046875
5 0.078125 0.59375 0.130859375 0.1259765625
5 0.3984375 0.615234375 0.1904296875 0.1357421875
5 0.4970703125 0.4072265625 0.0537109375 0.1669921875
5 0.5234375 0.5009765625 0.0439453125 0.1787109375
5 0.7880859375 0.4287109375 0.1552734375 0.251953125
5 0.6474609375 0.5048828125 0.1123046875 0.0615234375
5 0.6181640625 0.5576171875 0.13671875 0.0654296875
5 0.611328125 0.6259765625 0.14453125 0.1279296875
5 0.501953125 0.7880859375 0.1767578125 0.091796875
5 0.4921875 0.8916015625 0.2529296875 0.2109375
5 0.630859375 0.8974609375 0.087890625 0.130859375
5 0.7734375 0.8203125 0.146484375 0.1943359375