7 0.5048828125 0.509765625 0.052734375 0.0673828125
7 0.591796875 0.517578125 0.0341796875 0.0546875
7 0.6015625 0.568359375 0.0234375 0.0595703125
7 0.560546875 0.59765625 0.029296875 0.0546875
7 0.509765625 0.7119140625 0.07421875 0.0341796875
7 0.1689453125 0.5869140625 0.0361328125 0.0625
7 0.1611328125 0.5244140625 0.046875 0.037109375
7 0.017578125 0.5771484375 0.02734375 0.05859375
7 0.0341796875 0.6826171875 0.0478515625 0.0947265625
7 0.09765625 0.4072265625 0.037109375 0.0390625
7 0.24609375 0.396484375 0.0322265625 0.04296875
7 0.3916015625 0.3740234375 0.0595703125 0.0244140625
7 0.3603515625 0.494140625 0.0400390625 0.0615234375
7 0.623046875 0.4208984375 0.0341796875 0.0615234375
7 0.4609375 0.5419921875 0.0439453125 0.0615234375
7 0.4638671875 0.6748046875 0.0537109375 0.0419921875
7 0.87109375 0.31640625 0.041015625 0.056640625
7 0.697265625 0.28515625 0.0400390625 0.0400390625
7 0.7421875 0.263671875 0.0263671875 0.0625