7 0.40625 0.08984375 0.0439453125 0.046875
7 0.5302734375 0.158203125 0.02734375 0.0498046875
7 0.59375 0.1650390625 0.072265625 0.0498046875
7 0.4111328125 0.2412109375 0.048828125 0.0224609375
7 0.3876953125 0.384765625 0.0615234375 0.0673828125
7 0.5087890625 0.3505859375 0.03515625 0.0244140625
7 0.556640625 0.4580078125 0.0810546875 0.0625
7 0.509765625 0.50390625 0.078125 0.0283203125
7 0.52734375 0.59375 0.0595703125 0.06640625
7 0.6083984375 0.556640625 0.0703125 0.0478515625
7 0.6865234375 0.4580078125 0.064453125 0.0625
7 0.6796875 0.048828125 0.0390625 0.0556640625
7 0.5888671875 0.025390625 0.0322265625 0.0380859375
7 0.294921875 0.697265625 0.0341796875 0.041015625
7 0.263671875 0.736328125 0.0244140625 0.048828125
7 0.3291015625 0.873046875 0.064453125 0.064453125
7 0.42578125 0.62109375 0.0537109375 0.0537109375
7 0.3154296875 0.4970703125 0.033203125 0.0595703125
7 0.7275390625 0.515625 0.037109375 0.060546875