7 0.4873046875 0.2490234375 0.0390625 0.083984375
7 0.17578125 0.400390625 0.080078125 0.1123046875
7 0.18359375 0.5234375 0.0673828125 0.0810546875
7 0.099609375 0.732421875 0.0478515625 0.048828125
7 0.046875 0.2421875 0.0615234375 0.099609375
7 0.033203125 0.4130859375 0.044921875 0.052734375
7 0.580078125 0.177734375 0.0810546875 0.0576171875
7 0.6748046875 0.0546875 0.083984375 0.0927734375
7 0.4990234375 0.4755859375 0.0703125 0.0888671875
7 0.3896484375 0.556640625 0.072265625 0.064453125
7 0.2685546875 0.74609375 0.046875 0.0498046875
7 0.421875 0.79296875 0.0625 0.0595703125
7 0.5478515625 0.5537109375 0.0361328125 0.1044921875
7 0.62109375 0.40625 0.1103515625 0.1318359375
7 0.63671875 0.51953125 0.0341796875 0.0947265625
7 0.6630859375 0.6826171875 0.0537109375 0.056640625
7 0.939453125 0.87109375 0.048828125 0.0771484375
7 0.7763671875 0.95703125 0.1025390625 0.072265625
7 0.2841796875 0.8515625 0.04296875 0.0439453125
7 0.54296875 0.8662109375 0.05859375 0.0400390625