6 0.8095703125 0.2138671875 0.2568359375 0.3515625
6 0.5361328125 0.3779296875 0.2919921875 0.1787109375
6 0.59765625 0.845703125 0.248046875 0.3076171875
6 0.18359375 0.8779296875 0.1669921875 0.173828125
6 0.0703125 0.537109375 0.068359375 0.1171875
6 0.2255859375 0.3046875 0.080078125 0.1083984375
6 0.3427734375 0.2158203125 0.068359375 0.09765625
6 0.419921875 0.234375 0.0576171875 0.072265625
6 0.712890625 0.279296875 0.078125 0.0859375
6 0.962890625 0.244140625 0.068359375 0.0859375
6 0.4765625 0.5693359375 0.076171875 0.0576171875
6 0.4248046875 0.67578125 0.083984375 0.1044921875
6 0.6337890625 0.697265625 0.0771484375 0.1103515625
6 0.1181640625 0.80078125 0.0693359375 0.0703125